[gd_scene load_steps=6 format=2]

[ext_resource path="res://Player/Player.gd" type="Script" id=1]
[ext_resource path="res://Player/Player.tscn" type="PackedScene" id=2]
[ext_resource path="res://Terrain.tscn" type="PackedScene" id=3]
[ext_resource path="res://Assets/folktheme.ogg" type="AudioStream" id=4]
[ext_resource path="res://Target/Target.tscn" type="PackedScene" id=5]

[node name="Game" type="Spatial"]

[node name="AudioStreamPlayer" type="AudioStreamPlayer" parent="."]
stream = ExtResource( 4 )
volume_db = -20.0
autoplay = true

[node name="Player" parent="." instance=ExtResource( 2 )]
transform = Transform( -0.99809, 0, 0.0617806, 0, 1, 0, -0.0617806, 0, -0.99809, 13.3375, 1.53175, -3.78183 )
script = ExtResource( 1 )

[node name="Pivot" type="Position3D" parent="Player"]

[node name="Camera" type="Camera" parent="Player/Pivot"]
transform = Transform( -1, 5.65818e-08, -3.20891e-07, 0, 0.984808, 0.173648, 3.25841e-07, 0.173648, -0.984808, 0, 5, -8 )

[node name="lowpoly_scene" parent="." instance=ExtResource( 3 )]
transform = Transform( 3, 0, 0, 0, 3, 0, 0, 0, 3, 0, 0, 0 )

[node name="Target_container" type="Spatial" parent="."]
transform = Transform( 0.939693, 0, 0.34202, 0, 1, 0, -0.34202, 0, 0.939693, -27, 4, 9 )

[node name="Target" parent="Target_container" instance=ExtResource( 5 )]
