[gd_scene load_steps=18 format=2]

[ext_resource path="res://Player/Player.gd" type="Script" id=1]
[ext_resource path="res://Player/Player.tscn" type="PackedScene" id=2]
[ext_resource path="res://Terrain.tscn" type="PackedScene" id=3]
[ext_resource path="res://Assets/folktheme.ogg" type="AudioStream" id=4]
[ext_resource path="res://Target/Target.tscn" type="PackedScene" id=5]
[ext_resource path="res://Player/RayCast.gd" type="Script" id=6]
[ext_resource path="res://NPC/NPC.tscn" type="PackedScene" id=7]
[ext_resource path="res://NPC/NPC.gd" type="Script" id=8]
[ext_resource path="res://UI/Dialogue.gd" type="Script" id=9]
[ext_resource path="res://UI/UI.gd" type="Script" id=10]
[ext_resource path="res://Drone/Drone.tscn" type="PackedScene" id=11]
[ext_resource path="res://Player/WorkAround.gd" type="Script" id=12]

[sub_resource type="SpatialMaterial" id=1]
albedo_color = Color( 1, 0, 0, 1 )
emission_enabled = true
emission = Color( 1, 0, 0, 1 )
emission_energy = 4.0
emission_operator = 0
emission_on_uv2 = false

[sub_resource type="SphereMesh" id=2]
material = SubResource( 1 )
radius = 0.5
height = 1.0

[sub_resource type="CapsuleShape" id=3]
height = 2.06101

[sub_resource type="SphereShape" id=4]
radius = 7.27079

[sub_resource type="Environment" id=5]
background_mode = 1
background_color = Color( 0.184314, 0, 0.478431, 1 )
background_energy = 4.56
ambient_light_color = Color( 0.164706, 0, 0.517647, 1 )
auto_exposure_scale = 0.12
auto_exposure_min_luma = 0.0
auto_exposure_max_luma = 1.22
glow_enabled = true
adjustment_enabled = true

[node name="Game" type="Spatial"]

[node name="Player" parent="." instance=ExtResource( 2 )]
transform = Transform( -0.999384, 0, -0.0351083, 0, 1, 0, 0.0351083, 0, -0.999384, 39.8507, 0.0192046, -1.92657 )
script = ExtResource( 1 )

[node name="Pivot" type="Position3D" parent="Player"]

[node name="Camera" type="Camera" parent="Player/Pivot"]
transform = Transform( -1, 5.65818e-08, -3.20891e-07, 0, 0.984808, 0.173648, 3.25841e-07, 0.173648, -0.984808, 0, 5, -8 )

[node name="RayCast" type="RayCast" parent="Player/Pivot"]
transform = Transform( 1, 0, 0, 0, 1, 0, 0, 0, 1, 0, 4, 0 )
enabled = true
cast_to = Vector3( 0, 0, 100 )
script = ExtResource( 6 )

[node name="Reticule" type="Position3D" parent="Player/Pivot/RayCast"]
transform = Transform( 0.5, 0, 0, 0, 0.5, 0, 0, 0, 0.5, 0, 0, 50 )

[node name="MeshInstance" type="MeshInstance" parent="Player/Pivot/RayCast/Reticule"]
mesh = SubResource( 2 )
material/0 = null

[node name="KinematicBody" type="RigidBody" parent="Player"]
collision_layer = 2
collision_mask = 2
script = ExtResource( 12 )

[node name="CollisionShape" type="CollisionShape" parent="Player/KinematicBody"]
transform = Transform( 1, 0, 0, 0, -1.62921e-07, -1, 0, 1, -1.62921e-07, -0.00855637, 1.97678, 0.243576 )
shape = SubResource( 3 )

[node name="lowpoly_scene" parent="." instance=ExtResource( 3 )]
transform = Transform( 3, 0, 0, 0, 3, 0, 0, 0, 3, 0, 0, 0 )

[node name="Target_container" type="Spatial" parent="."]
transform = Transform( 0.939693, 0, 0.34202, 0, 1, 0, -0.34202, 0, 0.939693, -27, 4, 9 )
visible = false

[node name="Target" parent="Target_container" instance=ExtResource( 5 )]
transform = Transform( 1, 0, 0, 0, 1, 0, 0, 0, 1, -6.00893, 0, -2.18707 )

[node name="Target2" parent="Target_container" instance=ExtResource( 5 )]
transform = Transform( 0.443913, -0.0188771, -0.895871, 0.136333, 0.989562, 0.0467031, 0.885638, -0.142869, 0.441853, 11.8958, 0.636643, -58.9371 )

[node name="Target3" parent="Target_container" instance=ExtResource( 5 )]
transform = Transform( -0.533644, 0, -0.845709, 0, 1, 0, 0.845709, 0, -0.533644, 38.43, 1.34732, -41.0731 )

[node name="Target4" parent="Target_container" instance=ExtResource( 5 )]
transform = Transform( -0.633732, 0, 0.773553, 0, 1, 0, -0.773553, 0, -0.633732, 33.7668, 3.56123, -9.15065 )

[node name="Target5" parent="Target_container" instance=ExtResource( 5 )]
transform = Transform( -0.911844, 0.406013, -0.0607832, 0.389027, 0.90184, 0.187996, 0.131145, 0.147777, -0.980287, 48.0334, -2.45313, -20.3229 )

[node name="Target6" parent="Target_container" instance=ExtResource( 5 )]
transform = Transform( 0.978079, -5.52708e-08, -0.208236, 4.09782e-08, 1, -1.49012e-08, 0.208236, -5.21373e-08, 0.978079, 35.4256, 1.65246, 5.10068 )

[node name="Target7" parent="Target_container" instance=ExtResource( 5 )]
transform = Transform( -0.611349, 0.28752, 0.737282, 0.235062, 0.95559, -0.177743, -0.755644, 0.0646436, -0.651785, -22.7467, 1.10294, -18.1852 )

[node name="Target8" parent="Target_container" instance=ExtResource( 5 )]
transform = Transform( -0.90925, 0.415284, 0.0283421, 0.413576, 0.909018, -0.051389, -0.0471046, -0.0350038, -0.998276, -17.5646, 0, -46.3583 )

[node name="Drone_container" type="Spatial" parent="."]

[node name="Drone" parent="Drone_container" groups=[
"target",
] instance=ExtResource( 11 )]
transform = Transform( 1, 0, 0, 0, 1, 0, 0, 0, 1, 0, 20, 100 )

[node name="NPC" parent="." instance=ExtResource( 7 )]
transform = Transform( 1, 0, 0, 0, 1, 0, 0, 0, 1, 40.4739, 0.520719, -22.157 )
script = ExtResource( 8 )

[node name="Area" type="Area" parent="NPC"]
collision_layer = 2
collision_mask = 2

[node name="CollisionShape" type="CollisionShape" parent="NPC/Area"]
shape = SubResource( 4 )

[node name="UI" type="CanvasLayer" parent="."]
script = ExtResource( 10 )

[node name="Damage" type="ColorRect" parent="UI"]
anchor_right = 1.0
anchor_bottom = 1.0
color = Color( 1, 0, 0, 0 )
__meta__ = {
"_edit_use_anchors_": false
}

[node name="Background" type="ColorRect" parent="UI"]
anchor_right = 1.0
margin_bottom = 30.0
color = Color( 0, 0, 0, 0.501961 )
__meta__ = {
"_edit_use_anchors_": false
}

[node name="Score" type="Label" parent="UI"]
margin_left = 10.0
margin_right = 510.0
margin_bottom = 30.0
text = "Score: "
valign = 1
__meta__ = {
"_edit_use_anchors_": false
}

[node name="Time" type="Label" parent="UI"]
margin_left = 512.0
margin_right = 1014.0
margin_bottom = 30.0
text = "Score: "
align = 2
valign = 1
__meta__ = {
"_edit_use_anchors_": false
}

[node name="Dialogue" type="Control" parent="UI"]
visible = false
anchor_right = 1.0
anchor_bottom = 1.0
script = ExtResource( 9 )
__meta__ = {
"_edit_use_anchors_": false
}

[node name="Background" type="ColorRect" parent="UI/Dialogue"]
anchor_top = 1.0
anchor_right = 1.0
anchor_bottom = 1.0
margin_top = -30.0
color = Color( 0, 0, 0, 0.501961 )

[node name="Text" type="RichTextLabel" parent="UI/Dialogue"]
anchor_top = 1.0
anchor_right = 1.0
anchor_bottom = 1.0
margin_top = -20.0
margin_bottom = 10.0
bbcode_enabled = true
__meta__ = {
"_edit_use_anchors_": false
}

[node name="Timer" type="Timer" parent="UI"]

[node name="AudioStreamPlayer" type="AudioStreamPlayer" parent="."]
stream = ExtResource( 4 )
volume_db = -26.0
autoplay = true

[node name="WorldEnvironment" type="WorldEnvironment" parent="."]
environment = SubResource( 5 )
[connection signal="body_entered" from="NPC/Area" to="NPC" method="_on_Area_body_entered"]
[connection signal="body_exited" from="NPC/Area" to="NPC" method="_on_Area_body_exited"]
[connection signal="timeout" from="UI/Timer" to="UI" method="_on_Timer_timeout"]
